kinematics:
  shoulder:
    x: 0
    y: 0
    z: 0.1519143971683794
    roll: -0
    pitch: 0
    yaw: 6.128658947470586e-05
  upper_arm:
    x: -0.0001276853037042924
    y: 0
    z: 0
    roll: 1.571377491896588
    pitch: 0
    yaw: -4.413117568228503e-05
  forearm:
    x: -0.2434565553900627
    y: 0
    z: 0
    roll: 3.141544726709742
    pitch: -3.140122313209929
    yaw: -3.141588415781191
  wrist_1:
    x: -0.2133990148550655
    y: 0.0006839423295838908
    z: 0.1119511130789008
    roll: 3.135483435003852
    pitch: -3.141010069297633
    yaw: 3.141545365159587
  wrist_2:
    x: 2.443088136168986e-05
    y: -0.08529015499303852
    z: 4.098474674076535e-05
    roll: 1.57031579368308
    pitch: 0
    yaw: 3.594413248304773e-05
  wrist_3:
    x: -2.539297814046415e-05
    y: 0.08227584204622977
    z: -5.093554155040472e-05
    roll: 1.570177244282018
    pitch: 3.141592653589793
    yaw: 3.141577433168756
  hash: calib_11397747000840825724